7483520965
4132963012
9958246306
4930717528
8304577243
4663137523
5146379369
6559194093
4946627938
3204376361
5368980756
9208197973
2398990503
4249161131
8175164302
4853654273
9502685883
5605923717
2087167919
9924131901
6672235022
6111092476
7195599527
9135526684
6292910157
2820387846
2231868561
2024664541
3916120751
2299482849
6192721248
8880255062
4483340923
6195371269
3671717869
6997047293
7210621329
4639593781
9929156694
2318034502
7765542288
1313981092
8785578033
3183155339
6242576191
9975382851
1522912426
7026213619
4617174893
6221654068
2118985643
7384443255
4109633472
8993608388
3106469009
7095446593
4302313686
4036579913
5362351627
3348121818
9852171570
6552495824
5635286530
7333494929
4004715086
8281215458
9465977714
3793589081
8536291455
2387601578
2255868747
5068277819
3252321170
7769722707
6567395125
6493330154
3227562529
3173887437
5513073363
1559238206
5313954520
6929953799
1627219961
4518371388
6055011265
8012069303
4372445168
6554699468
8723455827
6954795399
9035219106
9074800294
4477118767
3679067290
1300843640
9349255354
5156938456
1678556870
3002665002
8430763876
2142854943
6215392712
5212323164
4148482059
4030634548
6141259644
3458198416
2194754445
5162609662
6520874093
5429992336
4584427655
8199779462
9278159447
8519442012
1468445944
6276202980
7685144767
8299840215
5727126332
6252644837
5113793422
1634328675
1133811530
5458337841
7269343163
7235018830
6262613693
9578361849
9525055384
9107773876
9137941037
6372505961
5905188444
2631147807
8040824377
4287756235
3925391524
1854347139
8170608748
4617907503
2744871619
9890194284
1136594653
3976614116
7428080209
1399292109
2083243871
9868327087
3976232005
2221174458
9656336640
3971713295
9161956582
6191349931
5032709186
3387565593
6829638278
6605268217
8087598608
4621838336
5373386421
3621344491
8326276952
9980682006
2204610247
5347502180
5679528353
1698544684
3692194752
5159025793
9684200686
8223121319
4503579258
5061264375
8940429057
1611587537
6626024837
2750179680
9206748614
2706719659
3306986905
6395798970
6064212473
2497750726
2417513827
6287731551
4298943642
5085247893
1300228037
8589971371
5355331046
4045089727
6783645048
5739619163
1391310417
5561629001
1063209900
8603195980
4078348677
1122806598
3573310341
3980071776
8428257615
4981380337
9408553989
5192836697
9753753117
5383122701
4412320138
2996658901
4911771211
8252745097
3068697168
9049861688
4415842463
5353548399
7096823956
8270570247
7034250094
5408840079
8303413767
5756506635
8585950454
9543723642
1748021389
9119086522
3513762877
2607302591
9717775088
2875254987
4854320050
8479504134
6741392982
9868142022
7694092546
5564962474
6356324262
9394132724
4295289354
2913692363
3235154618
1781497097
1766567522
2840558308
1205259760
4479291959
5118698357
5453660504
8724564710
5081186115
1155474156
1074678707
9262087229
1108033506
9238628221
2077422322
2568443449
9956829429
5253908379
5297507531
7284833242
1602584536
7463968282
4622890216
6035554119
5905946482
2840729888
4442862160
1687918674
1378960493
5455736888
4653235651
3588026871
3881770957
7510145057
2271985743
1073943961
2755821043
3650061826
7537828350
3120915472
7135264749
8309744648
2151298594
1676236730
8891835855
5072913184
2064362226
8602282876
1212269678
8600442404
9597793997
2953585874
7547406955
5687303421
6460631908
7489322303
8894046927
5209651605
3577549854
8040841748
5393698440
7570417544
7399127104
4221249136
5841723941
2026459673
1470116299
1490830186
4086425089
5677582606
9552409522
1725533708
7511924922
5606733743
6640481327
1863131842
8466252626
5717599151
7773141056
4066877756
9133731138
5268658154
5877243477
1538585029
4880743076
4687513668
4950853050
6568058183
2089109990
5350898039
5716329117
7290892219
7249191593
4775468234
8928686965
7300475886
6847403308
9822290368
8152071477
7813344637
2188839026
9161739895
7657422169
2256752236
1691957849
2848781818
7045860891
4750565475
8998616687
9815147103
9893167721
3123395031
9826457189
7233995883
6405590069
1573484214
1951595276
8583705204
1270748266
5986613335
7546440700
9446952820
2201419601
8048892935
6884308525
8454841271
8261888110
4799679046
2311708301
2747088093
2469101990
6928038125
1733025284
6657570281
4300329833
4553368840
8218924907
8081945420
4774049645
4453294977
9003561653
3470205556
1288571994
5171517300
6670245860
9349958059
8380805835
3536541897
4758447180
5171007446
4166937522
1335668528
6063688781
8049234374
7908429559
4412314044
2556854040
4622525847
3310863677
4372359941
1568973441
1407187076
2423270627
4759764381
7304059402
4464918697
2197730137
9157508153
4305244947
4263997377
9615115172
6175350837
3570840943
4766480972
8893885524
1424867037
2356545189
8565550609
6260405051
3311566633
8313822818
2110348155
6933124630
4300610277
8184819935
4864934371
4666104440
9605615294
3186115000
3935454956
8305865947
7100009247
8357688936
6792537035
2968202319
7136559551
6650283234
3443456530
9258773251
9798948199
9366607305
5726329450
3592306364
6772350480
4422952420
3849612045
4985424468
5735111001
6621153884
2198771269
4895175923
9608689773
6286995503
3211087349
4306147888
4062097678
5223501532
6409393049
6703740973
6583320080
3418668389
4027613664
8965537974
3533897673
5160794620
7403328487
7411084939
7802082582
5758093843
8318782724
7170546728
4210337362
3323003214
2043544848
4190175401
8559293350
2490392484
6730574985
8089999753
3640888864
4641883146
2009825704
4710189981
5117758428
2490458210
2585478515
7155710830
9724514224
5294085234
3721367714
6284418113
2813493071
5496430380
4038165463
1698014479
6692459548
6247101816
6488103492
2155087915
1829157035
7778387848
8851122106
6789209009
1722337090
7190377431
1255140120
7441796334
6307706012
9699885326
8748408474
4685312225
4931491392
3696698764
3622946758
9458194910
4086209155
7385524949
2728581308
4724483913
8882399046
2452530534
6467806279
4945022568
5829542449
7796261192
4047798246
4155491447
7935988899
9598757113
5493068807
7848048306
7231645898
9551877606
3118305939
2612191935
1772460425
5492758037
8116450804
1869995065
4829317183
6768101656
5791764345
1198745786
8967760669
6851058037
3402472406
1627615488
1504225803
8898871095
8730615120
5230143554
8585260520
6097043516
5565371801
4641274127
2492898987
7314334034
2598830953
7425566513
1978739772
2994503501
5279456691
4416337518
9738184873
4948887295
9484184146
3484288065
1201407235
2206235588
1378542784
4296213423
8406789464
5867031309
9414897432
8284717525
1638838561
3731037163
2860246392
2251814607
5086374705
7987335628
1386512808
7503271038
3861687482
4881515735
9496195313
1257969600
5456351914
9915381893
7411936165
1145550058
7883218863
3875746289
8629280307
6823100452
4018456477
3492810411
3101747888
7871120961
1966262393
2431705888
5968222485
5236449915
9007290517
6282310969
4724559643
4071785294
2552532977
5556007396
6916779646
1843073140
3473005831
1330005828
7261583825
6701308016
1049952405
3088308730
2738794336
9140202224
5641339647
4616262790
1537172964
9631056012
5923567659
8928811552
4943250667
2919887822
6683189996
2426745787
5683664929
6273500970
3197726919
2539612893
5886355869
3979370765
8589700615
2095662957
3397326847
1814109593
5425373164
3219668481
9548974934
1155422170
8766942207
1079189306
5589687703
4493991534
4459836403
1413179626
9851972620
5950133217
5557305184
7674462330
5617633626
6120726203
8989509882
2465828465
1341192745
7652187050
4909327732
1414734056
7461923771
2485753755
3907001979
8054204134
3251686225
8968283071
3819203822
7052635805
1896570452
2959864614
1654876258
6974082659
9018130974
3799671872
5298548223
9015646974
3808708776
9286365935
4135136330
7340352094
5386578948
6054549113
8025884311
8286254479
2881220284
3226444451
8051926427
2155699813
6646595139
8033918465
9513268224
9958388367
8838261581
6238647934
7778520655
2737323074
3969507914
7535277197
9668832951
7887494863
2214336225
5624263866
7068166180
5886131017
8677098217
7847302270
9602725165
9527259855
7328404712
5642979412
1988513600
1106306579
4335908244
3740702997
6216248652
9098425291
8168970414
4358087990
7144054475
4411176032
6692074920
9297341425
2780037108
3012254884
8462668286
1582972720
1206991769
6336014728
6682841612
1562339088
6374206604
2315447185
9075255177
1186573861
5026528031
4149243373
5908469411
2681075124
3939509006
7022225151
2007770775
4284318435
1455391918
3297331671
8082876924
2528389730
1782599317
4687468988
2372768205
2498293811
3163260413
7008609121
8316674636
4865024546
7524687909
7448004575
5322424057
1806182964
5991108498
1947464207
9302800369
4943581132
5358979690
4000171975
4197687697
2780858929
7589471265
2628188731
6783512635
9399022366
7523954908
2488251426
6712961408
7489796183
1646865747
2929966065
6923920251
9358593048
5497715481
4502082928
6508507312
1206213115
7075880557
6420348195
2202357783
1288522182
2749062919
4764160878
8900021376
9001118484
8526764369
3196936564
1648635926
3407925365
8553815332
1371645408
8100095480
5109307634
9224943514
4909023666
3538323276
7977123797
3789255641
1838836232
7776308572
5244544512
6259711746
5203047534
9035171187
2235061882
9918872356
9191711352
3562597562
1282960369
9385301253
3427321869
7735304575
7993878703
9268500897
4079498715
8235679275
3242215621
8506743068
6088130520
3183998670
4609471919
8603538679
8465162311
8962299227
3123180132
3515343708
7735908144
6341342708
8007253918
1340539569
1209702786
9984856177
3254620414
9082716595
9965071055
7400277789
5779156474
1766766040
7978981335
4825203715
7785291648
3066306105
9452523748
5531512725
9916773829
6594678170
4545502861
3355162126
8411240873
2020821889
8528864384
9383518345
1431474839
6633905317
1446886432
9151381639
1981761546
6281290566
6841829596
1315822428
9921644282
1658870652
9087474484
3338470303
4547650299
5732300492
6834867119
6815261145
3029560577
7138296125
1400248052
3615274678
2627166891
7221186168
1513565739
4553859981
9335934912
2887129430
6811659237
9271642625
6899725910
3046882295
6961329269
6508630139
5046843513
8619986530
9818846030
2690677467
5541969417
2895347999
5989438471
2725485048
9519719376
7293548232
6502100858
8514578937
9169352516
2333725408
8815205349
7808997875
7321876951
1167091798
2166160124
5785271790
2320615007
1859562286
8545533367
8576570153
6347083393
8002218919
4259398981
4820634261
2092315573
3949499866
1413833158
3825167592
8139518448
3320616852
3589261865
4525075388
8476224762
2650792677
3525767354
7262059379
1646260430
9916391820
9544286963
8448658764
5402109361
1449487091
4200141676
3067019995
4216201660
8746330852
6375259460
8680051735
5227348800
4764267976
7542462244
5928652050
4381220408
4767056337
6990768151
1734858611
9029688077
9861886021
5017502094
6646389677
9247686893
5478927181
4704193627
5292168707
6907792974
9033584933
3171810394
3589250467
8062753890
3254785808
3856683239
9832356003
9549086150
9371403595
5241228636
9869264565
6229615695
6200048356
6182741218
8123965855
8463044030
5533545023
9596037147
3381437839
9320803160
6451686642
5359860736
6198612464
4445169692
9319758101
2406322493
3811538779
2173548331
4124273945
5013770078
5839602386
2959824710
1202871382
7005025598
6096270225
8757546260
8488352868
4145207640
1500867952
